0000000000000000 0000000111111111
0000000000011100 0000000111000111
0000000000011100 0000000111000111
0000000000011100 0000000111000111
0000000000011100 0000000111000111
0000000000011100 0000000111000111
0000000001010101 0000000111000111
0000000001010101 0000000000011100
0000000001010101 0000000000011100
0000000001010101 0000000000011100
0000000001010101 0000000000011100
0000000001010101 0000000000011100
0000000001010101 0000000000011100
0000000001010101 0000000111000111
0000000001010101 0000000111000111
0000000001010101 0000000111000111
0000000001010101 0000000111000111
0000000001010101 0000000111000111
0000000001010101 0000000111000111
0000000001010101 0000000111000111
0000000000000011 0000000111000111
0000000000000011 0000000111111111
0000000000000011 0000000111111111
0000000000000000 0000000111111111
0000000000000000 0000000111111111
0000000000000000 0000000111111111
0000000000000000 0000000111111111
0000000000000000 0000000111111111
0000000000000000 0000000111111111
0000000000000000 0000000111111111
0000000000000000 0000000111111111
0000000000000000 0000000111111111
