0000000000110011
0000000000100000
0000000000110101
0000000000100000
0000000000110001
0000000000110110
0000000000100000
0000000000110010
0000000000110000
0000000000100000
0000000000110110
0000000000100000
0000000000110011
0000000000110010
0000000000110111
0000000000110110
0000000000110111
0000000000100000
0000000000110100
0000000000111000
0000000000100000
0000000000111001
0000000000110111
0000000000100000
0000000000110110
0000000000110011
0000000000100000
0000000000110101
0000000000110100
0000000000100000
0000000000110001
0000000000100000
0000000000111001
0000000000100000
0000000000111000
0000000000100000
0000000000110100
0000000000111000
0000000000100000
0000000000110101
0000000000110111
0000000000100000
0000000000110011
0000000000110010
0000000000110001
0000000000100000
0000000000110001
0000000000110011
0000000000110010
0000000000100000
0000000000111000
0000000000111001
0000000000100000
0000000000110001
0000000000110001
0000000000100000
0000000000110101
0000000000110000
0000000000100000
0000000000110101
0000000000110101
0000000000001101